161
165
167
174
178
185
186
188
195
201
205
221
222
225
238
254
279
286
311
316
319
349
383
436
499
509
538
540
555
591
609
632
682
695
697
699
718
745
759
762
764
765
766
793
794
830
831
841
842
850
853
854
855
857
865
872
874
875
876
878
879
881
887
891
896
897
901
904
905
906
911
912
920
926
933
942
976
989
990
991
997
998
1001
1006
1011
1012
1014
1017
1019
1020
1021
1024
1028
1031
1042
1043
1044
1052
1054
1058
1062
1066
1083
1105
1108
1129
1134
1135
1137
1142
1154
1155
1164
1165
1171
1179
1181
1194
1224
1226
1227
1228
1255
1257
1258
1276
1279
1281
1282
1283
1285
1308
1309
1310
1311
1312
1313
1314
1326
1333
1339
1340
1342
1343
1362
1363
1364
1365
1366
1376
1383
1384
1385
1386
1387
1388
1389
1390
1391
1392
1401
1402
1409
1410
1411
1412
1427
1435
1436
1437
1443
1444
1451
1452
1461
1462
1463
1464
1465
1467
1475
1476
1477
1478
1479
1480
1487
1488
1502
1503
1504
1505
1506
1507
1508
1509
1511
1518
1519
1531
1532
1555
1556
1559
1560
1561
1562
1563
1571
1572
1583
1584
1585
1593
1594
1610
1619
1620
1623
1624
1633
1634
1635
1637
1638
1647
1648
1665
1671
1672
1685
1686
1693
1694
1699
1700
1701
1710
1711
1712
1714
1719
1720
1723
1724
1731
1732
1735
1736
1737
1738
1739
1741
1744
1745
1746
1747
1748
1749
1758
1761
1762
1763
1764
1765
1766
1767
1768
1769
1770
2902
2911
2919
2921
2922
2932
2949
4861
4863
4943
7026
7089
7259
7399
7418
7598
10265
10266
10267
